date,ticker,change_noncommercial_long,change_noncommercial_short,change_nonrept_long,change_nonrept_short,change_noncommercial_delta,change_nonreportable_delta
2025-05-27,XAUUSD,-3975,-14178,2488,2752,10203,-264
2025-05-20,XAUUSD,-129,-2901,2483,-1186,2772,3669
2025-05-13,XAUUSD,746,2034,-1062,-1454,-1288,392
2025-05-06,XAUUSD,-2932,-2111,1957,-206,-821,2163
2025-04-29,XAUUSD,-18519,-6459,-229,-782,-12060,553
2025-04-22,XAUUSD,-12811,14021,-445,2367,-26832,-2812
2025-04-15,XAUUSD,1874,379,863,2629,1495,-1766
2025-04-08,XAUUSD,-58103,-20384,-202,-5043,-37719,4841
2025-04-01,XAUUSD,11364,22726,-2164,11,-11362,-2175
2025-03-25,XAUUSD,-5082,3054,11,-1555,-8136,1566
2025-03-18,XAUUSD,25482,3650,-906,946,21832,-1852
2025-03-11,XAUUSD,-6960,201,4145,2911,-7161,1234
2025-03-04,XAUUSD,-13816,4548,799,-580,-18364,1379
2025-02-25,XAUUSD,-17095,-10046,-2079,-1157,-7049,-922
2025-02-18,XAUUSD,-9723,6107,1373,-640,-15830,2013
2025-02-11,XAUUSD,-12734,5270,-13,270,-18004,-283
2025-02-04,XAUUSD,18129,15030,298,-1056,3099,1354
2025-01-28,XAUUSD,1082,2457,-1414,97,-1375,-1511
2025-01-21,XAUUSD,24721,3300,2388,-347,21421,2735
2025-01-14,XAUUSD,20847,-3605,676,1322,24452,-646
2025-01-07,XAUUSD,8814,1182,217,499,7632,-282
2024-12-31,XAUUSD,-6509,-6159,-456,1234,-350,-1690
2024-12-24,XAUUSD,-13562,850,-575,-3090,-14412,2515
2024-12-17,XAUUSD,-21354,-7809,1940,33,-13545,1907
2024-12-10,XAUUSD,16721,871,-1889,3365,15850,-5254
2024-12-03,XAUUSD,4210,-5188,1763,-2594,9398,4357
2024-11-26,XAUUSD,-5953,-21924,-5847,-74,15971,-5773
2024-11-19,XAUUSD,-6871,-4787,-4417,-3241,-2084,-1176
2024-11-12,XAUUSD,-20591,-1713,4201,2800,-18878,1401
2024-11-05,XAUUSD,-29820,-6496,-795,-3507,-23324,2712
2024-10-29,XAUUSD,-5177,12374,-782,2697,-17551,-3479
2024-10-22,XAUUSD,14319,4549,3724,1451,9770,2273
2024-10-15,XAUUSD,8603,349,-950,-1378,8254,428
2024-10-08,XAUUSD,-21160,591,-1751,46,-21751,-1797
2024-10-01,XAUUSD,-17521,-2062,-253,-3530,-15459,3277
2024-09-24,XAUUSD,17838,12514,468,1213,5324,-745
2024-09-17,XAUUSD,29728,2163,2039,1376,27565,663
2024-09-10,XAUUSD,849,5906,-261,-330,-5057,69
2024-09-03,XAUUSD,-4173,2714,-3491,54,-6887,-3545
2024-08-27,XAUUSD,-12221,-15413,1771,-850,3192,2621
2024-08-20,XAUUSD,26782,2793,2530,2515,23989,15
2024-08-13,XAUUSD,30650,2135,-817,4230,28515,-5047
2024-08-06,XAUUSD,-15245,-7393,1274,-2755,-7852,4029
2024-07-30,XAUUSD,-28236,-1763,-3774,-2179,-26473,-1595
2024-07-23,XAUUSD,-8227,3723,-109,-3680,-11950,3571
2024-07-16,XAUUSD,46784,16535,3191,4765,30249,-1574
2024-07-09,XAUUSD,22926,9694,2929,331,13232,2598
2024-07-02,XAUUSD,-4768,-82,-742,1261,-4686,-2003
2024-06-25,XAUUSD,-2262,-5407,777,164,3145,613
2024-06-18,XAUUSD,10378,1220,-2652,-713,9158,-1939
2024-06-11,XAUUSD,-7797,-4421,504,2548,-3376,-2044
2024-06-04,XAUUSD,-2171,-2888,-1721,-5985,717,4264
2024-05-28,XAUUSD,-13992,-20771,-3736,756,6779,-4492
2024-05-21,XAUUSD,23087,-2223,2631,1388,25310,1243
2024-05-14,XAUUSD,5498,569,-2068,-1983,4929,-85
2024-05-07,XAUUSD,-6706,-2063,4427,16,-4643,4411
2024-04-30,XAUUSD,-685,-2004,1360,2053,1319,-693
2024-04-23,XAUUSD,758,-210,-1331,-4477,968,3146
2024-04-16,XAUUSD,-1022,-526,-1314,14,-496,-1328
2024-04-09,XAUUSD,-1600,3231,2628,-1071,-4831,3699
2024-04-02,XAUUSD,15752,7796,927,1509,7956,-582
2024-03-26,XAUUSD,-13085,-10777,-1127,-4245,-2308,3118
2024-03-19,XAUUSD,-4330,-4330,1139,1882,0,-743
2024-03-12,XAUUSD,18914,8605,3210,2038,10309,1172
2024-03-05,XAUUSD,49200,-457,5839,7056,49657,-1217
2024-02-27,XAUUSD,3914,2540,-2903,-470,1374,-2433
2024-02-20,XAUUSD,-6471,-15565,-2382,281,9094,-2663
2024-02-13,XAUUSD,-11118,19452,2365,-944,-30570,3309
2024-02-06,XAUUSD,9401,-4546,-3501,723,13947,-4224
2024-01-30,XAUUSD,-21878,-195,-280,-388,-21683,108
2024-01-23,XAUUSD,-21260,-10841,-3996,912,-10419,-4908
2024-01-16,XAUUSD,-9305,-584,-934,626,-8721,-1560
2024-01-09,XAUUSD,-19041,-6,1374,116,-19035,1258
2024-01-02,XAUUSD,863,932,1164,-2038,-69,3202
2023-12-26,XAUUSD,8871,2492,17,1109,6379,-1092
2023-12-19,XAUUSD,7436,-5670,1562,418,13106,1144
2023-12-12,XAUUSD,-15304,7,-1026,-2200,-15311,1174
2023-12-05,XAUUSD,-1005,-4465,1833,-3060,3460,4893
2023-11-28,XAUUSD,20144,-8235,1691,1713,28379,-22
2023-11-21,XAUUSD,15349,-980,-1450,1663,16329,-3113
2023-11-14,XAUUSD,-7301,3539,-75,-1843,-10840,1768
2023-11-07,XAUUSD,600,-2191,692,99,2791,593
2023-10-31,XAUUSD,9584,-4456,2663,-131,14040,2794
2023-10-24,XAUUSD,20057,-16590,1266,39,36647,1227
2023-10-17,XAUUSD,11080,-30225,-3607,127,41305,-3734
2023-10-10,XAUUSD,-8074,11719,-786,975,-19793,-1761
2023-10-03,XAUUSD,-7154,17435,43,-1692,-24589,1735
2023-09-26,XAUUSD,-2156,17192,1292,40,-19348,1252
2023-09-19,XAUUSD,2012,-9287,-2819,358,11299,-3177
2023-09-12,XAUUSD,-98,14044,774,61,-14142,713
2023-09-05,XAUUSD,-252,-14986,2199,-712,14734,2911
2023-08-29,XAUUSD,9714,-11612,-1545,223,21326,-1768
2023-08-22,XAUUSD,-6738,12452,975,2679,-19190,-1704
2023-08-15,XAUUSD,4232,26081,-659,3116,-21849,-3775
2023-08-08,XAUUSD,-10139,11800,1742,-906,-21939,2648
2023-08-01,XAUUSD,-9244,-529,-4046,-1396,-8715,-2650
2023-07-25,XAUUSD,-15511,4198,1516,-2688,-19709,4204
2023-07-18,XAUUSD,23194,-4400,-834,794,27594,-1628
2023-07-11,XAUUSD,5465,2808,1128,753,2657,375
2023-07-03,XAUUSD,14200,3013,-2552,-747,11187,-1805
2023-06-27,XAUUSD,-8427,2638,640,777,-11065,-137
2023-06-20,XAUUSD,1991,-775,-1551,740,2766,-2291
2023-06-13,XAUUSD,-10150,5282,1358,-1949,-15432,3307
2023-06-06,XAUUSD,161,-6164,3984,2127,6325,1857
2023-05-30,XAUUSD,1157,-7427,-5716,-114,8584,-5602
2023-05-23,XAUUSD,-19101,-19,-5525,-73,-19082,-5452
2023-05-16,XAUUSD,-11222,4778,2840,-2202,-16000,5042
2023-05-09,XAUUSD,4059,3812,4510,-174,247,4684
2023-05-02,XAUUSD,9227,-1076,-3546,1101,10303,-4647
2023-04-25,XAUUSD,-6875,-2246,401,269,-4629,132
2023-04-18,XAUUSD,-104,2748,1545,-1184,-2852,2729
2023-04-11,XAUUSD,-5999,-3528,362,-407,-2471,769
2023-04-04,XAUUSD,21029,7443,1352,-1804,13586,3156
2023-03-28,XAUUSD,7244,-15781,-236,4849,23025,-5085
2023-03-21,XAUUSD,7068,-11206,5829,-4025,18274,9854
2023-03-14,XAUUSD,15249,-26608,-1845,3492,41857,-5337
2023-03-07,XAUUSD,7155,17274,1682,130,-10119,1552
2023-02-28,XAUUSD,-1766,-3258,-1998,1362,1492,-3360
2023-02-21,XAUUSD,-189,-1761,-1488,-199,1572,-1289
2023-02-14,XAUUSD,-12924,10362,-2632,-2024,-23286,-608
2023-02-07,XAUUSD,-33119,-1653,4092,180,-31466,3912
2023-01-31,XAUUSD,3106,498,-3896,-1254,2608,-2642
2023-01-24,XAUUSD,6437,2004,-248,-456,4433,208
2023-01-17,XAUUSD,3308,603,1755,1025,2705,730
2023-01-10,XAUUSD,12765,3896,4036,401,8869,3635
2023-01-03,XAUUSD,1276,-3510,2913,1501,4786,1412
2022-12-27,XAUUSD,3389,-4643,728,-2502,8032,3230
2022-12-20,XAUUSD,1727,-1472,1387,601,3199,786
2022-12-13,XAUUSD,12937,2413,-476,1598,10524,-2074
2022-12-06,XAUUSD,2311,-2811,3839,-1885,5122,5724
2022-11-29,XAUUSD,-5123,987,-6350,-1629,-6110,-4721
2022-11-22,XAUUSD,-12998,-2842,3323,-2589,-10156,5912
2022-11-15,XAUUSD,4147,-39784,-1072,-305,43931,-767
2022-11-08,XAUUSD,6794,-10921,-514,839,17715,-1353
2022-11-01,XAUUSD,3488,6897,-1078,944,-3409,-2022
2022-10-25,XAUUSD,1963,10887,351,1244,-8924,-893
2022-10-18,XAUUSD,-1671,15793,2298,-1468,-17464,3766
2022-10-11,XAUUSD,-3403,-9438,284,-861,6035,1145
2022-10-04,XAUUSD,8810,-27494,-3621,-1727,36304,-1894
2022-09-27,XAUUSD,-7403,6238,-175,-526,-13641,351
2022-09-20,XAUUSD,-11375,20247,-56,3832,-31622,-3888
2022-09-13,XAUUSD,-5595,918,1758,-1629,-6513,3387
2022-09-06,XAUUSD,-3787,10090,-120,1618,-13877,-1738
2022-08-30,XAUUSD,-2113,6000,626,906,-8113,-280
2022-08-23,XAUUSD,-769,14548,466,786,-15317,-320
2022-08-16,XAUUSD,-4710,-3023,-101,-943,-1687,842
2022-08-09,XAUUSD,778,-17747,446,-18,18525,464
2022-08-02,XAUUSD,467,-31169,-5340,-847,31636,-4493
2022-07-26,XAUUSD,657,2922,-473,1102,-2265,-1575
2022-07-19,XAUUSD,-10122,13044,-9289,-6929,-23166,-2360
2022-07-12,XAUUSD,-16680,10859,8650,8908,-27539,-258
2022-07-05,XAUUSD,-906,11127,-890,3499,-12033,-4389
2022-06-28,XAUUSD,593,6187,443,-229,-5594,672
2022-06-21,XAUUSD,1523,-7166,-1346,-1017,8689,-329
2022-06-14,XAUUSD,-3760,16910,1636,2283,-20670,-647
2022-06-07,XAUUSD,897,-1782,-2549,300,2679,-2849
2022-05-31,XAUUSD,-12743,-1519,-772,-105,-11224,-667
2022-05-24,XAUUSD,-809,-9262,-3177,208,8453,-3385
2022-05-17,XAUUSD,-5936,12019,-1510,1412,-17955,-2922
2022-05-10,XAUUSD,-4492,1361,828,-929,-5853,1757
2022-05-03,XAUUSD,-17072,1784,332,-1082,-18856,1414
2022-04-26,XAUUSD,-20234,1499,-4094,404,-21733,-4498
2022-04-19,XAUUSD,-7419,7111,-232,-2194,-14530,1962
2022-04-12,XAUUSD,13594,4848,3486,2897,8746,589
2022-04-05,XAUUSD,-3062,8993,2756,-2120,-12055,4876
2022-03-29,XAUUSD,-1028,-10592,-4419,803,9564,-5222
2022-03-22,XAUUSD,-18071,-4315,-889,1201,-13756,-2090
2022-03-15,XAUUSD,-17887,-5287,-1634,-4729,-12600,3095
2022-03-08,XAUUSD,10441,-6325,5698,1327,16766,4371
2022-03-01,XAUUSD,4081,-10393,1176,-437,14474,1613
2022-02-22,XAUUSD,36827,7292,2401,1089,29535,1312
2022-02-15,XAUUSD,33710,6803,1820,1286,26907,534
2022-02-08,XAUUSD,3565,-10999,-1950,2522,14564,-4472
2022-02-01,XAUUSD,-37421,10588,-3850,-3455,-48009,-395
2022-01-25,XAUUSD,22887,-3057,3691,957,25944,2734
2022-01-18,XAUUSD,426,5956,-1345,-2870,-5530,1525
2022-01-11,XAUUSD,-6481,5137,2923,3690,-11618,-767
2022-01-04,XAUUSD,-7296,-5495,-5721,684,-1801,-6405
2021-12-28,XAUUSD,7251,-94,1870,-420,7345,2290
2021-12-21,XAUUSD,-1514,-4924,554,-654,3410,1208
2021-12-14,XAUUSD,-2376,12408,1339,767,-14784,572
2021-12-07,XAUUSD,-9735,-1060,-4299,6,-8675,-4305
2021-11-30,XAUUSD,-16156,-7605,-3723,-3043,-8551,-680
2021-11-23,XAUUSD,-34120,-8751,3326,-2338,-25369,5664
2021-11-16,XAUUSD,19418,9819,1960,-491,9599,2451
2021-11-09,XAUUSD,30020,-5032,4158,3598,35052,560
2021-11-02,XAUUSD,-2555,-3124,-1771,-1425,569,-346
2021-10-26,XAUUSD,13764,-7447,1513,2260,21211,-747
2021-10-19,XAUUSD,1379,-6431,2375,-1391,7810,3766
2021-10-12,XAUUSD,2564,-393,-198,-1153,2957,955
2021-10-05,XAUUSD,2125,-12058,-804,-172,14183,-632
2021-09-28,XAUUSD,-2856,16392,-815,2430,-19248,-3245
2021-09-21,XAUUSD,-10318,9795,-1461,33,-20113,-1494
2021-09-14,XAUUSD,971,-750,-2117,1161,1721,-3278
2021-09-07,XAUUSD,-4987,5524,5700,-107,-10511,5807
2021-08-31,XAUUSD,11920,6023,-1003,-940,5897,-63
2021-08-24,XAUUSD,14647,-4464,202,-1365,19111,1567
2021-08-17,XAUUSD,7177,-15959,-3170,1607,23136,-4777
2021-08-10,XAUUSD,4117,32046,-4106,3608,-27929,-7714
2021-08-03,XAUUSD,-545,2508,3511,-2012,-3053,5523
2021-07-27,XAUUSD,-3624,-7040,-1120,2030,3416,-3150
2021-07-20,XAUUSD,1769,-3367,-879,-3263,5136,2384
2021-07-13,XAUUSD,4998,-3017,151,1864,8015,-1713
2021-07-06,XAUUSD,16339,-4256,-1120,-131,20595,-989
2021-06-29,XAUUSD,1053,5041,-2104,1170,-3988,-3274
2021-06-22,XAUUSD,-20794,5028,-3168,-146,-25822,-3022
2021-06-15,XAUUSD,-14834,2517,2491,-1280,-17351,3771
2021-06-08,XAUUSD,-45,4269,523,-422,-4314,945
2021-06-01,XAUUSD,560,1501,-6205,-4452,-941,-1753
2021-05-25,XAUUSD,-2001,-17754,4365,2150,15753,2215
2021-05-18,XAUUSD,8106,1472,746,1563,6634,-817
2021-05-11,XAUUSD,11967,-9547,3274,-373,21514,3647
2021-05-04,XAUUSD,-523,-645,-3073,2303,122,-5376
2021-04-27,XAUUSD,-5268,5611,3826,-1037,-10879,4863
2021-04-20,XAUUSD,6472,5848,2200,-1581,624,3781
2021-04-13,XAUUSD,-6190,2445,1872,-752,-8635,2624
2021-04-06,XAUUSD,12250,-9731,-2679,-1771,21981,-908
2021-03-30,XAUUSD,679,7218,-1077,461,-6539,-1538
2021-03-23,XAUUSD,6537,12666,-519,1024,-6129,-1543
2021-03-16,XAUUSD,1398,-3635,-3940,-502,5033,-3438
2021-03-09,XAUUSD,-10694,3781,1106,954,-14475,152
2021-03-02,XAUUSD,-18548,7547,-2313,1118,-26095,-3431
2021-02-23,XAUUSD,-19502,-266,-3417,696,-19236,-4113
2021-02-16,XAUUSD,-5743,10695,1099,1778,-16438,-679
2021-02-09,XAUUSD,-5026,693,-1410,-1367,-5719,-43
2021-02-02,XAUUSD,820,1240,-1517,-946,-420,-571
2021-01-26,XAUUSD,6025,-4883,237,-336,10908,573
2021-01-19,XAUUSD,-5710,-6121,-2075,1170,411,-3245
2021-01-12,XAUUSD,-36729,-3638,1076,-1393,-33091,2469
2021-01-05,XAUUSD,8134,-2312,3004,-219,10446,3223
2020-12-29,XAUUSD,-8058,1266,-54,-1533,-9324,1479
2020-12-21,XAUUSD,9260,2648,1701,-444,6612,2145
2020-12-15,XAUUSD,2339,-25,1327,-1928,2364,3255
2020-12-08,XAUUSD,13927,5021,313,1759,8906,-1446
2020-12-01,XAUUSD,4020,-12392,-9951,-1973,16412,-7978
2020-11-24,XAUUSD,-9374,-2006,1089,3464,-7368,-2375
2020-11-17,XAUUSD,11182,-352,54,439,11534,-385
2020-11-10,XAUUSD,-3282,-109,-2579,163,-3173,-2742
2020-11-03,XAUUSD,-4265,1460,-3952,-2553,-5725,-1399
2020-10-27,XAUUSD,-14143,-13173,4784,1476,-970,3308
2020-10-20,XAUUSD,13220,4287,-1778,-2314,8933,536
2020-10-13,XAUUSD,6064,13980,1250,-2853,-7916,4103
2020-10-06,XAUUSD,4816,-112,1966,4604,4928,-2638
2020-09-29,XAUUSD,7091,-17508,-5114,-285,24599,-4829
2020-09-22,XAUUSD,-15497,6420,1133,-2006,-21917,3139
2020-09-15,XAUUSD,11339,6835,1252,1610,4504,-358
2020-09-08,XAUUSD,7055,1378,-2066,-23,5677,-2043
2020-09-01,XAUUSD,4559,-5199,2966,1763,9758,1203
2020-08-25,XAUUSD,-810,1670,-568,-1722,-2480,1154
2020-08-18,XAUUSD,-4498,-3963,-1119,-1094,-535,-25
2020-08-11,XAUUSD,-14980,-287,645,-6034,-14693,6679
2020-08-04,XAUUSD,9259,7314,2026,6003,1945,-3977
2020-07-28,XAUUSD,-21649,7986,-1823,-5976,-29635,4153
2020-07-21,XAUUSD,4032,24,2759,4926,4008,-2167
2020-07-14,XAUUSD,-6825,-1895,1173,-3183,-4930,4356
2020-07-07,XAUUSD,8088,7400,1171,730,688,441
2020-06-30,XAUUSD,20483,5770,444,986,14713,-542
2020-06-23,XAUUSD,31064,3455,6518,4855,27609,1663
2020-06-16,XAUUSD,13423,-2312,229,1401,15735,-1172
2020-06-09,XAUUSD,-8224,2197,-2958,-213,-10421,-2745
2020-06-02,XAUUSD,-15952,2928,-1410,-2591,-18880,1181
2020-05-26,XAUUSD,-7246,6628,-553,1425,-13874,-1978
2020-05-19,XAUUSD,17623,8663,2064,-617,8960,2681
2020-05-12,XAUUSD,2200,9376,3070,-1003,-7176,4073
2020-05-05,XAUUSD,-11811,914,633,-99,-12725,732
2020-04-28,XAUUSD,5119,-8039,926,528,13158,398
2020-04-21,XAUUSD,-4354,-1424,-13,-2608,-2930,2595
2020-04-14,XAUUSD,6737,3178,1707,469,3559,1238
2020-04-07,XAUUSD,-7649,2258,3768,2209,-9907,1559
2020-03-31,XAUUSD,-30399,-882,-2120,-3773,-29517,1653
2020-03-24,XAUUSD,523,-5927,-1505,-5169,6450,3664
2020-03-17,XAUUSD,-18885,-1270,-8847,133,-17615,-8980
2020-03-10,XAUUSD,-29883,-9681,-2151,354,-20202,-2505
2020-03-03,XAUUSD,-23166,-7034,-13912,-5434,-16132,-8478
2020-02-25,XAUUSD,-19010,-1226,11388,3595,-17784,7793
2020-02-18,XAUUSD,51814,6139,4246,2100,45675,2146
2020-02-11,XAUUSD,626,-7542,-68,1996,8168,-2064
2020-02-04,XAUUSD,-20492,9794,-117,-1276,-30286,1159
2020-01-28,XAUUSD,1608,-10789,-4335,-849,12397,-3486
2020-01-21,XAUUSD,-2016,-476,3520,-104,-1540,3624
2020-01-14,XAUUSD,-6671,-3615,1035,4241,-3056,-3206
2020-01-07,XAUUSD,1860,7494,-448,4328,-5634,-4776
